url_path,views_total,views_unique
/ing-gom/sts2-rng-fix,1,1
/ing-gom/sts2-rng-fix/releases,1,1
/ing-gom/sts2-rng-fix/tree/main,1,1
