url_path,views_total,views_unique
/ing-gom/sts2-combat-ai,12,11
/ing-gom/sts2-combat-ai/issues,1,1
/ing-gom/sts2-combat-ai/pulls,1,1
/ing-gom/sts2-combat-ai/releases,1,1
/ing-gom/sts2-combat-ai/releases/tag/v0.9.8,1,1
/ing-gom/sts2-combat-ai/tree/master/Sts2CombatAICode/Core/Planner,1,1
/ing-gom/sts2-combat-ai/tree/master/Sts2CombatAICode/Core/Sim,1,1
